0.000000
0.000692
0.001384
0.002077
0.002769
0.003461
0.004153
0.004845
0.005537
0.006230
0.006922
0.007614
0.008306
0.008998
0.009691
0.010383
0.011075
0.011767
0.012459
0.013151
0.013844
0.014536
0.015228
0.015920
0.016612
0.017305
0.017997
0.018689
0.019381
0.020073
0.020765
0.021458
0.022150
0.022842
0.023534
0.024226
0.024918
0.025611
0.026303
0.026995
0.027687
0.028379
0.029072
0.029764
0.030456
0.031148
0.031840
0.032532
0.033225
0.033917
0.034609
0.035301
0.035993
0.036686
0.037378
0.038070
0.038762
0.039454
0.040146
0.040839
0.041531
0.042223
0.042915
0.043607
0.044300
0.044992
0.045684
0.046376
0.047068
0.047760
0.048453
0.049145
0.049837
0.050529
0.051221
0.051914
0.052606
0.053298
0.053990
0.054682
0.055374
0.056067
0.056759
0.057451
0.058143
0.058835
0.059528
0.060220
0.060912
0.061604
0.062296
0.062988
0.063681
0.064373
0.065065
0.065757
0.066449
0.067142
0.067834
0.068526
0.069218
0.069910
0.070602
0.071295
0.071987
0.072679
0.073371
0.074063
0.074755
0.075448
0.076140
0.076832
0.077524
0.078216
0.078909
0.079601
0.080293
0.080985
0.081677
0.082369
0.083062
0.083754
0.084446
0.085138
0.085830
0.086523
0.087215
0.087907
0.088599
0.089291
0.089983
0.090676
0.091368
0.092060
0.092752
0.093444
0.094137
0.094829
0.095521
0.096213
